9356
3319
829
5439
5082
560
2368
7915
8999
8009
4430
5545
1989
1639
5642
4197
2886
2365
9414
7005
8318
2580
3889
468
6182
2151
4558
6037
8685
8253
8096
4898
7545
3987
6801
3160
7547
277
3890
6032
8465
4793
4941
5413
4037
9625
9526
6285
578
7707
8848
3079
7830
7326
2811
639
1475
1523
6347
4256
4336
4358
709
6679
3453
9415
8130
9919
6019
938
8566
4367
2650
9383
6394
6316
5812
6702
6981
2828
3558
6923
873
3881
6391
2081
7146
9709
8977
3047
9289
2752
6021
9196
2959
6492
8411
3112
2741
9657
2823
2672
96
4906
1734
9301
7658
1602
9064
8234
3627
2036
2152
7873
7463
4695
6278
9537
1617
2866
8293
5845
461
9689
8592
3444
4226
8132
5016
104
9774
152
2873
4141
6836
9829
5947
9064
1937
1548
3235
6994
1597
1690
9017
1840
3884
213
7573
7840
3396
4321
4931
5794
2008
6544
9157
8256
7155
2452
9767
3148
6177
8754
1678
7221
7815
2373
1194
133
6771
9532
107
2697
4094
785
5855
2366
6125
2743
8153
6533
5895
7743
1438
9442
1345
743
5016
8471
5013
2688
1053
4168
417
7642
9242
3483
8940
8574
8329
542
9059
8552
4259
9796
8434
5567
2718
5501
7166
7090
6022
6385
143
1056
9306
5689
234
6980
3054
4971
7500
4011
2542
9792
7716
2900
2514
2659
7703
2404
2332
7672
4487
834
4830
9942
8317
5541
121
9794
4867
4872
161
122
7198
6487
76
3403
825
4986
4857
9936
6829
3979
7581
5639
6860
8532
1976
5729
2413
8954
7014
4470
7505
6720
4178
5411
804
6458
6469
2162
8575
7279
9132
9619
8971
5113
2616
4220
576
1517
590
6666
235
977
7934
243
4894
1711
433
9866
9105
9381
7756
3278
5718
8533
4994
1664
7242
3264
4629
6191
2887
906
9148
4113
9255
7594
2305
1280
2371
6913
3185
3102
9114
2500
822
9479
6221
8247
6754
8946
6759
4712
705
4051
1177
8309
2561
9232
2419
156
8414
7278
127
3917
7190
3943
4936
8333
6523
1258
5288
5866
4807
8288
2958
7894
425
1574
9454
2130
9229
1452
8995
9528
2714
185
1488
9573
9125
3672
8612
7777
8212
2899
8091
9756
6284
8010
4705
6903
9211
2336
5953
8300
4706
5107
8844
6348
2026
6278
5974
5283
2824
8412
682
7337
5035
3203
7005
8375
3265
8491
9744
212
5577
6194
2047
1180
2196
9469
3350
1004
789
52
691
1628
6519
5963
2071
4761
5342
6361
3655
5854
1573
5079
1839
9470
5991
7062
9605
6625
6105
5325
5723
3721
9684
9022
1998
6431
5920
1620
5452
9391
3628
3692
2722
1357
6011
1212
6131
4626
2248
5172
6645
5911
6762
7232
6454
141
2690
4711
9308
4678
6993
8851
6201
4451
8263
3053
5965
2091
7590
1908
54
1877
997
5834
9202
2131
8384
411
997
7723
2749
5579
4902
9426
1881
1227
8595
5015
2785
8040
2597
7978
8717
8944
6143
2231
4870
5729
1232
4419
9832
6112
8392
7410
4259
803
3447
2658
3212
2796
3440
7
3584
8610
4492
612
5384
4077
7083
1491
7031
4686
1302
4849
3137
5689
3648
761
9830
1440
4443
6427
1596
8077
7190
4633
1787
747
5924
942
8929
7746
4856
7963
6838
5245
5644
9839
7386
2810
1105
4243
2842
4445
8449
1039
2705
945
9584
3884
1019
6876
2369
8983
8725
4910
8533
7951
9776
3318
558
9883
4133
5425
6529
315
3074
7088
5210
2489
3218
8324
7098
9771
6747
4425
7643
8121
6049
9804
5700
6373
6568
2283
2343
6700
3238
6903
8136
535
1943
5224
2505
2238
9258
9294
2400
3274
5289
9247
7946
1045
7414
7585
2920
6225
7856
8406
7528
5937
8501
5903
7503
1736
5649
8783
1601
9612
9237
2925
195
6359
3011
5493
4760
410
9654
2316
1032
1021
222
3853
7487
4583
1705
2325
7889
6679
7645
6696
3291
1613
8577
4989
8197
888
5644
5373
4531
5181
9397
4995
5099
8480
3913
1089
4609
5731
795
4223
1565
7016
2246
5920
5326
1380
8046
419
9160
5122
2373
1954
9737
848
4809
1275
3738
5146
7386
9033
3297
1490
3626
1166
8307
3529
7821
7519
6070
4333
431
6940
4276
7838
3669
2410
4891
1870
3899
2015
6674
6709
6429
6586
5046
238
2993
2044
6243
3730
449
4631
2718
8063
9943
6641
6687
3252
2610
165
4892
7916
9221
6598
9584
7860
446
9185
7274
11
7811
7518
7282
9781
1128
3266
566
9179
5806
3285
7699
3699
2037
9835
7711
5176
2242
2257
483
2390
5916
7765
4134
1236
9120
3714
1797
2798
1477
9399
3951
9581
8330
9251
3660
4038
7963
8800
9533
2924
8114
6281
2846
2642
9433
7800
4040
657
7438
8496
4628
914
8512
8388
2298
2473
390
7123
3063
1391
607
2353
4669
3482
9572
8755
644
4123
7305
4886
8174
4963
2898
9820
4120
3795
4306
6884
1501
7199
7743
4165
3797
1518
6498
2279
8394
9632
3514
7966
1115
5020
448
6627
1513
5141
933
4113
1887
8425
1687
6681
1150
9878
1106
5123
3190
265
3268
8001
9729
3380
1385
6001
4106
8891
997
9760
9563
2396
688
2021
4516
4505
5259
5553
5303
3986
1696
9137
3807
7747
3464
3677
2209
3624
1047
8145
5371
4393
7585
7253
9018
5206
2096
7546
5031
6960
1261
5204
8337
961
1404
3855
9942
2265
6468
4015
1946
8310
9787
7304
811
271
6241
5798
9995
3341
1027
9322
3340
9863
2800
9842
106
7832
7048
8004
8657
5071
8799
6871
688
8563
2881
2013
6021
593
5488
6897
5592
1379
9065
5657
9684
7199
677
4392
9072
9193
7755
4211
203
7190
5603
77
2758
3086
3557
4002
6571
5917
3151
1053
9131
854
7429
7926
3670
9876
4707
7915
4435
8591
2526
1577
3376
4695
6761
9383
1635
4785
6100
6031
1742
75
3454
2795
3185
5548
7883
2296
7738
6877
5984
329
263
991
5595
7611
4876
4823
2944
9024
5216
9629
3231
6939
7602
6509
9521
5095
6201
551
3920
8419
8008
1481
8630
5326
2961
647
8206
6187
4832
4036
5895
2353
3704
2256
3415
8034
7164
7806
5436
5878
3891
9905
9246
5011
4126
7474
384
8331
5094
5729
7189
2658
8814
6117
9599
8187
7848
2257
5234
2062
3443
7734
7879
9224
6418
6527
4637
5326
9080
9389
3818
4671
655
8767
5376
7446
5929
9469
3738
4441
3629
7761
6533
529
6563
7107
1420
2662
4347
4208
7803
6005
2439
9974
2693
2801
1144
3919
1505
9540
1366
439
9695
1392
8186
6171
5385
9671
9989
5536
3604
1987
5268
3117
6902
2707
1211
3655
5233
8050
2509
4807
2589
5941
846
9721
6164
4257
8320
36
6055
2087
2921
6017
7263
5166
7062
2346
9117
6123
8313
3760
1170
4334
9277
1897
3114
9004
8106
9252
3123
7573
244
4458
7741
7490
1310
867
6761
8621
4124
1698
9971
4300
566
5438
7756
9531
3592
2398
2816
7653
1974
7425
7719
911
29
4663
3127
2401
7829
9935
2070
7586
9170
9005
4397
9950
1946
4567
6632
5447
1
269
1177
5974
7119
340
5661
6876
2804
2973
1639
6073
6242
1398
5720
7144
7736
9548
2592
2213
4447
3211
6109
1932
5740
8869
8482
4112
1126
2362
4548
2596
9250
7114
2766
4089
8939
9044
5796
6213
317
3850
3604
9804
6832
4676
8952
7726
2705
2397
8072
6461
9420
7725
1101
4888
9318
3908
4848
8425
8775
3664
7857
3432
6981
2060
9604
8810
699
7989
405
9642
6680
4297
204
5969
2644
4686
3628
3013
6446
9069
5205
9724
2032
5609
4057
7483
9988
5024
9932
7007
5184
8620
9860
9015
7132
2230
6208
1420
5172
9449
2533
6622
9641
1662
7507
9821
8818
4105
8423
6177
8177
6191
4570
1142
7360
7331
7910
1591
745
540
8520
1413
4581
8051
8081
6293
8268
3886
2422
8724
9307
1733
3048
7879
1588
5662
2286
611
1679
2137
4558
661
895
8666
8858
6144
6175
3694
2599
4577
6586
6619
105
7888
7034
7817
8907
1413
4553
6391
9419
4789
1651
268
8545
1704
4925
2075
6623
3031
8590
5602
3156
1095
9067
3727
5995
893
2385
4110
7953
1709
5275
9764
36
2035
8756
4849
2998
1741
7510
3782
6209
1859
2561
9395
4660
8004
4503
2267
5788
7806
6868
9895
1582
4634
7083
6355
9904
594
7947
6489
5591
8303
8656
6856
7675
3555
6278
3968
7191
8400
8249
7517
7421
8611
6440
3982
262
2049
2455
2929
3767
556
6787
7997
7055
1985
9073
4891
8045
9570
1536
5153
1806
459
7405
1068
7476
2867
3492
2714
6226
2113
5060
5074
4292
5816
1484
5520
4347
8657
7377
8945
998
3459
7297
295
6668
4402
7730
7049
374
609
7524
4155
1226
5525
101
1669
705
2391
6211
3314
2730
5925
2428
5128
7864
5703
5105
8046
3814
8921
1449
7423
3531
9785
5698
8682
7257
5759
7330
8035
3183
5268
1419
3082
6862
3984
5613
2262
9272
6068
534
4557
6212
6625
8116
5874
814
5891
6731
4764
1244
893
3538
255
3452
6626
2040
650
2617
1549
1972
5276
6124
1550
1962
963
2830
7298
6153
4003
5483
3533
497
1615
1123
8583
8962
1703
1483
8096
5471
6510
2608
4561
4962
2438
5195
9553
9129
8602
7872
256
4510
2680
4241
1604
3332
4554
9807
7293
125
896
4032
6183
8712
6715
5820
9004
9208
8536
4769
1283
4208
791
3095
4697
1227
7030
9598
3722
6424
9983
8483
3404
5154
2332
7650
9625
3069
9186
6805
1383
108
1697
5322
3301
752
2358
3298
3700
379
234
6998
527
2211
779
7588
4089
1714
4117
8312
7842
6841
5453
1814
7045
4421
6650
5283
2481
8346
3184
147
5810
6988
1322
8316
2907
2524
9843
5530
9811
5455
9074
3996
2217
5115
5136
6428
6533
58
998
7836
8108
1921
7751
3340
9343
1290
7992
9112
417
654
2952
1597
6483
3807
3456
8380
6190
3280
8584
1463
4460
1880
2818
3273
1188
7883
1176
6643
5744
4233
8957
1088
4189
7187
5090
2713
9470
2871
1416
4197
1548
1549
5277
1800
7838
5769
7941
45
3953
6081
8022
9438
4949
4281
3040
4688
1620
3386
6167
1419
9440
33
4095
5063
8823
5059
4290
819
6245
9278
6784
5566
1847
9515
1252
1112
9287
1728
9503
4771
5833
2130
212
4211
3937
1559
5567
3460
9742
297
339
3035
7447
5207
5678
7797
5697
1478
6555
7627
9034
6500
243
7271
3381
717
9169
3856
642
6406
1249
8225
2345
1623
6068
6633
8867
8150
2179
7211
6774
7566
589
4021
7819
639
6672
6829
9293
7374
9472
2807
5679
1645
2470
6516
4522
6278
7271
4565
7827
7760
7615
1613
6054
2116
6747
9700
1921
602
9841
3448
7198
9020
4028
1101
3326
6636
9079
741
3839
4801
3413
4427
810
3469
763
6313
6523
6970
4539
1290
9326
7778
9390
7114
7458
7998
7757
2665
7725
214
4827
3790
6460
6424
4226
9816
5829
4515
9577
8416
4235
8851
9567
7706
4829
8935
5192
1323
8412
1853
8625
9012
9398
8416
2768
2780
5412
8296
6429
7996
780
9920
6279
3235
9396
3620
820
5690
5748
5177
7385
8674
1478
4102
1554
921
2461
1408
4943
4108
7439
4324
876
246
6497
7326
6843
599
6845
182
5775
8160
642
7354
3576
9802
793
2646
7238
678
7519
9199
3243
9519
6548
6048
6786
1356
5502
2172
7782
4577
426
4690
5809
1029
9393
2367
5938
9551
2787
4461
761
7017
8579
4872
5154
3687
6815
7409
2843
6033
4618
3116
9684
1403
551
5284
2354
7590
3364
6287
6192
7951
4433
1228
4963
7877
6620
504
7801
888
42
400
6365
8461
2931
8464
4665
5982
6539
8394
8488
5982
697
9907
4294
5386
2390
1959
4311
7115
6883
828
7441
2392
1031
9524
616
6473
3748
9949
6516
5702
1989
8899
1840
3997
8646
1844
1281
9603
1776
6692
1073
7825
5695
8375
9687
3680
9970
4060
2293
416
4511
7593
2094
8689
7072
4768
7522
8501
4798
1281
2215
2829
8568
9466
5685
2303
2816
2970
7470
7897
2418
7299
1641
2848
7122
4045
8346
7793
9889
6775
1311
1320
1772
7112
217
7839
9185
6099
9109
3982
4190
1818
1046
7281
7272
2954
9649
7719
2629
1268
6197
5590
6422
8091
7765
4460
9957
9881
1347
2577
7015
7580
7002
2744
4861
6318
8744
7028
5581
6610
9814
1623
4712
5306
8166
6310
6024
5270
9800
8696
1896
8230
313
925
5312
2657
8648
1884
2667
286
198
1652
9702
4159
3450
6132
2104
4814
9102
822
9833
4336
9161
7510
6976
4870
1114
464
716
9554
2029
9095
2831
3190
1246
6498
8914
2328
4519
3634
9145
7633
9847
8606
581
757
6354
4399
4959
9262
1663
3447
2904
7265
3874
7212
3818
3986
7029
7811
6393
5810
3813
3768
7340
694
4472
6009
7379
1252
5910
1138
276
5847
1163
6052
949
193
5127
5870
3368
7312
3039
5341
3374
9337
7956
7999
3609
9889
1197
4916
5923
9819
9332
9821
4388
8475
1579
8631
6068
665
6537
5809
606
4498
2692
2216
9932
2424
6684
5364
6869
601
7490
6331
8752
5741
8228
4595
4867
5832
1318
1925
428
4096
8270
5821
7820
7961
875
8350
1387
4316
6755
7186
8300
7382
1080
7151
894
1468
8166
8037
1003
9997
1308
4836
5921
2976
1349
3147
6938
8475
4738
763
9915
2597
7974
6538
3894
5380
3773
2003
427
5920
8857
9946
1954
7961
3466
1197
3422
9827
4057
8615
2318
5311
6594
1006
6197
1862
7244
508
7524
9662
727
138
4833
303
5520
7656
2935
815
3235
4042
6009
4937
9422
93
7988
6445
9358
8343
2704
4913
4121
2427
1234
2804
9895
1276
8705
7075
5901
905
9923
629
9223
9191
2308
2897
6914
1308
691
9743
9891
6215
136
8972
6087
7438
5845
6583
2856
9135
6233
264
2905
3735
2699
8913
8479
8753
4713
9628
4091
1575
7116
4115
6392
5124
9655
4847
4302
3450
1917
5224
6560
9646
4733
1788
6904
1729
4587
5851
5981
7674
3308
8654
2894
5727
1053
9063
1342
7731
8400
5876
3708
5657
9092
7150
7725
3126
1743
1358
7624
6661
8267
4334
1390
1700
9723
7005
5876
5067
1065
6284
5183
8157
9165
3750
1931
4279
5387
9069
5272
6725
7770
5007
4609
1476
4429
5384
4170
402
3759
480
4277
9249
7584
789
7521
8891
4870
4707
1217
4320
5714
8720
1668
4426
2033
6373
7813
2449
1819
5254
6465
2939
7403
9282
9905
8955
7835
9045
403
1418
524
2747
3209
3427
2783
7216
5006
120
2611
5491
5056
8067
8171
6729
1247
2855
5499
3773
1872
1444
6383
7157
2606
4313
4056
5584
6686
8899
1812
8555
3421
2804
393
9075
9736
8031
5918
4564
2088
5824
53
2960
8712
712
9689
3964
1652
2822
3936
9044
1488
9602
125
8975
7922
3938
2341
7021
1085
3871
4395
4460
2330
402
6522
2666
2085
5720
2639
2917
4018
2981
4673
14
6699
4901
9710
381
9383
6749
8771
2605
5112
9615
343
5336
4928
9356
8661
2061
8657
1940
4676
7165
5760
2202
6372
4598
8661
4723
87
4039
5010
6989
7418
8994
3469
8267
3967
4447
6716
5022
8504
2061
3644
7552
5922
5939
1038
5978
6172
3845
9215
3910
1570
4498
466
1790
7754
1514
684
6003
6122
8973
9483
9258
9508
1967
5380
4849
3088
711
9192
7903
4292
6711
6082
9977
8690
5350
911
6336
7054
2440
6859
1528
1307
15
6612
260
289
7131
4605
4029
4557
2781
3745
5458
3812
9465
2546
7304
2597
9705
4205
306
8331
5151
5164
2877
7099
707
7320
8866
5808
7274
4584
3774
3697
6439
1546
4175
700
5723
9901
2020
5505
8921
617
4887
4638
1252
8764
967
9906
4025
2657
6397
511
1993
2703
1520
9585
1071
9643
5348
4454
7104
8555
4942
5241
1600
4841
1986
815
9552
1232
9981
9037
5237
1653
367
1972
3525
9429
8704
9995
3227
2775
4355
7879
4026
9502
5639
7544
5501
750
5050
7811
3677
4248
1865
72
8684
8995
979
3055
4494
8681
6267
6516
3367
6091
5868
4140
5567
9282
9495
7955
6658
8755
4471
5060
85
5902
4726
8804
67
6100
4824
7035
9413
8610
6469
3264
7103
7886
4549
7679
8791
8717
4643
1722
3265
9150
9940
3146
7430
6519
9585
2112
2404
7930
4847
332
2126
435
3120
6249
4531
417
3203
1475
8780
446
6518
7398
3087
5341
8251
228
4609
2287
6633
6962
4808
706
521
8433
1407
9303
8289
9540
9570
5454
3934
2530
4601
9232
6154
4234
9730
5513
1389
2302
9911
6944
1807
1486
1950
5108
2411
3553
7983
116
432
7890
6400
5083
145
8741
6541
1351
5436
2037
4931
3061
8920
4539
7739
4362
1623
6381
9220
6752
9067
7296
985
4523
6677
443
1730
5543
1736
3563
6294
5008
4988
5324
5117
9453
6175
5083
5044
3690
7110
4485
5610
3441
3665
3162
6423
7509
7596
8580
669
5130
8049
1998
5910
3380
7019
2339
4972
7450
678
501
4952
3239
3346
246
4803
4301
487
9238
4456
6310
4914
1097
1530
2344
1533
36
2977
2580
5676
9732
6112
5164
9923
7291
5586
2574
7254
1721
5539
1234
4729
3123
9851
2012
9526
3906
2997
6014
3244
5002
6302
2333
2468
6629
392
3597
607
5276
14
6364
4252
6625
1010
5001
4118
2540
3058
1519
4633
2480
6138
5313
293
7337
3490
4244
763
1237
8520
1667
2596
492
8601
3027
6497
5469
8632
9956
1917
9462
3665
1761
8959
4911
8519
4916
8204
7988
729
1193
7033
5854
7476
3981
494
6925
2402
4818
8949
2899
4240
6754
8338
6847
1357
2638
4205
5829
1390
7954
5450
3895
3230
2710
4890
6930
9859
6147
1450
4344
9452
6224
1721
3493
7894
6393
8616
3312
7310
5931
5546
6160
496
9694
9738
5288
9422
5807
8763
6273
221
6553
2010
1762
138
5344
3441
5502
9897
8234
6837
3515
7101
2233
5854
1082
2980
5945
3831
4600
7290
1331
4747
768
4654
2940
4624
8682
9281
4829
9456
9108
1578
2639
3681
4060
3575
1651
2662
6455
5183
347
2671
6657
7138
7560
2412
673
1073
9025
9151
1880
8554
2221
2014
5415
4012
1678
5336
5114
505
5018
5215
8948
8697
3959
2019
5480
4363
5842
368
3601
4487
5595
3742
4063
3950
385
1638
9918
8627
4966
4372
7509
8051
2190
2615
7432
4847
5610
1350
555
4779
8027
5645
7187
3054
7957
3909
6810
3610
9586
8033
4079
4502
4719
8292
2488
886
3751
5904
7317
8060
8202
4890
1618
4520
3674
6473
3081
3867
8322
654
7185
5001
3284
2733
3415
2189
8061
1497
1079
8918
7110
2989
4391
8047
7482
7239
5264
2365
5167
4799
7066
9809
2451
3621
580
4237
9925
8441
124
1331
9612
5092
5281
9257
4664
1684
5570
1561
8563
1684
2434
1605
9299
1418
571
136
6976
3929
7020
2327
460
1751
9921
1462
740
2569
1821
695
2978
6763
4647
1997
4587
7036
4398
2158
1644
3637
1497
4535
6140
5914
9712
4170
2125
3961
6097
5731
7029
1424
3072
5816
324
8987
4606
270
289
74
8836
1672
4421
9665
7452
3131
3011
8394
8252
1869
9331
8197
193
9227
1722
6943
4628
3370
4072
6048
7707
3477
2653
6670
6126
7845
2056
8752
644
3567
9470
541
6187
2006
6756
8258
7408
3186
4489
7170
7824
1929
9330
1495
4444
5241
3475
7671
6418
4487
9783
1651
9902
5586
5357
5161
1309
9857
8591
4489
5385
3499
1503
9844
3766
4693
8369
384
727
8357
6591
5544
3694
2278
9485
1488
8575
4564
6602
5063
6511
2967
8111
8917
4526
8413
5959
8580
8494
4544
1771
2059
7039
1430
233
9444
4697
4983
5584
2543
8133
746
5179
8208
249
2376
8104
4068
5821
3170
1555
3553
9774
7245
8147
3019
9967
3659
6049
2114
8375
3542
1969
5385
28
6790
5343
8194
9785
1874
5495
1828
1614
1699
7792
9390
3589
7171
7062
2886
8108
5141
1650
6122
9316
9886
9785
8984
3685
2016
8702
297
5020
9016
6548
8488
9986
5454
4244
6368
1018
3529
3160
3347
7174
2165
8162
2151
1430
6108
4795
9050
6271
3729
5564
6743
8804
6269
3074
9041
2468
9328
5954
6028
2975
6361
1017
1131
262
3521
7870
8339
1614
1857
1479
4703
4465
9172
9333
2589
7521
9446
7357
9941
9977
7644
2883
7786
2931
2526
8469
3593
8719
1551
2961
959
9111
3373
9972
6263
7948
6164
5969
5584
4315
5613
9898
1628
658
2963
605
5381
762
3158
3822
731
7280
4392
2653
7865
9859
4549
8692
8469
1900
9520
4192
8933
5349
665
7897
5535
9640
5387
7119
7513
7029
897
3075
1488
3903
2024
4031
5300
723
9247
9763
1247
1974
6027
8621
3686
3707
5431
1364
6744
3982
6985
3729
9972
1551
3952
8939
3096
382
1097
5549
3588
3071
9105
9334
9692
9130
6053
4733
8988
5171
9237
6959
9318
6001
1943
9367
4231
4412
8567
2440
5079
6536
3980
2074
5551
8473
4886
6542
165
5041
7443
8208
4883
7005
8754
840
9654
1689
5071
5245
5554
2091
380
231
1219
7891
6912
5951
6238
5885
2713
5813
9094
9135
3470
2462
2410
5333
2815
1112
2347
3815
9758
1211
8012
5076
2054
5437
4450
4270
1881
5554
6475
1841
5848
2271
4011
7201
3340
6329
945
5999
946
3727
9608
2903
4146
2049
2377
1114
7792
3883
4206
979
8523
3026
4849
6647
9828
7385
7683
3422
6073
4464
8777
6761
4126
7482
5921
5807
8749
2698
4146
2168
2516
4297
7105
9157
5677
6951
720
5049
4636
9772
3745
8840
9489
7977
5432
4827
5757
6239
2414
6653
6913
4779
9554
5238
8609
7469
3210
8017
9384
2900
1031
7947
9430
6201
8822
9419
116
7684
9443
3560
4471
2782
3336
3868
6211
8116
3140
9859
6279
3684
9158
4527
3190
4392
9032
4188
7478
940
4137
1067
1745
5709
1635
2381
1449
8576
6763
653
1161
6700
182
8139
966
390
8664
9905
7796
7431
216
3587
3333
6620
2080
1592
5596
8489
8625
8815
7296
1610
8467
3616
8348
7336
8361
3089
5827
8229
5635
2689
9584
788
1101
2501
524
488
7765
860
969
5239
170
9392
171
90
2368
540
646
7540
6719
4309
4179
1468
8667
7334
7900
1945
2239
2220
9926
2858
9955
1802
3807
6511
8796
5162
4349
7
9970
5889
6390
8262
8749
7662
1789
6467
4392
6831
3370
4764
2152
9407
9635
6630
8406
5536
6870
6917
2312
3313
457
1587
942
8380
6632
2273
4199
8575
8109
7048
3876
5940
9294
3786
8020
1455
6528
7178
4463
1268
6250
9253
9887
9203
9380
2075
2872
449
3710
1294
807
8324
6541
9766
2712
8730
1728
4494
9026
1927
4417
8334
4526
5369
4391
2310
9157
2985
8775
7988
6007
1153
7755
2227
5319
6164
4123
7216
8963
3758
4472
5338
6162
2858
2920
9173
3671
3930
8843
8394
7986
6726
8316
1935
2197
580
1427
462
7379
9472
7303
8581
8292
8440
2529
4474
918
7559
619
4937
9198
2252
3783
3131
8172
4262
9821
1684
1660
2686
2540
4778
2345
6177
3826
2605
9452
9017
6903
7879
4658
6167
8355
3937
7931
9310
4943
6799
3119
6767
3753
6873
6427
1341
865
8311
4521
1580
8368
1865
1742
7595
3321
7904
2220
7339
9847
636
4520
8011
3622
9875
4582
6866
2606
3659
5680
1560
4186
836
8854
2624
8887
4869
9439
5318
6312
17
2269
1073
5366
8550
8542
950
3076
4642
8207
4249
2528
7794
1868
9392
4630
8552
515
6309
4991
8504
4262
696
7302
175
702
8191
5243
9617
9501
2907
1345
3725
4364
8185
2802
1711
7587
2049
6578
6595
8087
9358
9696
4049
989
9354
4985
9689
381
4406
4743
4859
2434
211
4711
5363
6013
4848
7784
9120
2249
8608
2159
2432
4634
4135
248
1018
8495
1361
9191
4455
4886
2287
9180
5053
2382
1518
628
9146
3800
8822
3852
7369
9943
5149
8145
5700
7478
5685
947
6103
4168
4745
3224
828
1579
8959
7516
3321
2694
6185
9670
4386
5297
6894
5414
5003
1748
5121
3323
8447
3272
2107
4785
9510
2505
2554
6599
3030
5789
8948
5471
7129
7118
3081
270
8887
8755
2821
9267
9136
8285
9519
4596
280
3101
4722
9940
7407
3139
5445
3506
940
7585
8120
2971
7717
5790
5213
110
3262
5638
8881
5312
7020
6638
534
5750
4916
2070
126
3520
9812
3191
8662
7078
750
8476
8637
5721
3133
5854
6815
1100
6197
5623
4754
316
4411
5767
7692
8842
2590
1093
4735
6586
6737
6413
3762
5876
7895
2040
5550
2119
1929
8169
5138
7901
1990
4084
963
1706
3656
6649
4995
590
6751
1582
9612
9962
1868
9019
2954
5407
5100
7838
1778
2258
3871
974
3267
123
3876
1885
3816
7805
1443
6215
9766
9200
918
4327
1816
4730
5109
3801
4853
6764
4141
6938
2923
1128
6748
3051
1402
8033
2363
325
5999
1435
8472
6582
7179
5025
6255
585
4912
4181
6005
4660
1064
561
1345
4091
8401
5437
8599
9314
6617
5658
3394
7343
5169
8715
62
1038
2145
8723
6175
8494
7033
4409
9601
2920
6447
424
5517
1904
5882
4995
6084
4485
3130
9414
4075
7954
2497
4247
1203
2855
9154
7931
7076
9105
2085
8662
6854
5750
3972
8618
5180
1293
4917
6080
9933
265
9716
3669
6496
3783
2651
7259
7907
4205
8753
5745
4632
5234
7277
2157
5117
316
5494
2981
4935
1541
8697
3341
5914
7911
5973
234
5447
5990
5878
1349
6610
5709
540
7211
526
2624
7351
1794
1560
6384
3889
3798
5853
5502
6776
4418
2889
6807
4423
4538
1229
2429
2753
7300
4604
3622
7753
6775
1410
7117
8304
8891
5553
2023
5116
7664
634
8208
8513
3147
4549
8724
1822
4459
8924
7225
6455
7162
810
8729
8923
5119
6027
286
8017
3984
80
7270
2932
3044
9827
8502
5176
9734
4737
9355
5991
9334
4328
2427
6765
2346
2414
6010
5052
7314
9291
8649
3837
8793
277
9481
7972
4791
8518
2573
2350
9155
5756
4332
9530
6006
3965
1158
5601
9627
1860
4030
3715
6386
4844
2294
9744
4436
88
1113
2399
1648
189
977
5518
1492
2717
6936
3303
4200
3473
4236
6732
2596
4834
6956
2703
6129
9172
8975
2816
4317
1919
8292
2451
1240
923
9603
6157
8972
1367
4130
5595
761
6454
3668
5327
318
1543
3613
9528
5556
1616
8544
7997
5428
4758
3081
3542
1081
2204
6502
6008
4160
3653
8224
5418
3612
5047
152
3528
6118
4542
9772
7444
2385
1370
4872
8723
6075
7671
3209
5691
4240
7607
1086
3463
9625
8606
3751
4693
3730
3817
2767
6589
8936
2235
2486
782
1073
1158
7031
8870
9350
5203
2761
5005
7019
8382
4912
6591
1056
8544
2531
2772
3776
4634
6872
4798
5718
5628
8556
1087
5455
4175
1775
180
5514
5557
171
8049
4844
7995
3477
6554
7409
2487
5117
3276
8845
4084
3840
6214
4208
4248
5197
7207
5191
3918
5204
8245
3503
8740
201
3975
9989
8691
6216
2224
3961
1094
7715
9641
753
1098
9671
7353
4618
6161
7949
3203
6185
8658
1228
1516
9055
7120
7211
488
8683
5
8580
7744
6617
2924
7092
4546
7032
3288
3392
8246
5689
8259
9393
9320
5428
439
32
4678
4229
7139
2284
2775
7379
4059
9208
2502
9281
7647
5138
9115
6142
9909
2894
1700
6327
2453
1521
9893
3820
1730
3401
6921
7215
6864
5930
9315
2248
4822
5539
6454
4598
7890
767
1501
7153
6003
328
8295
4363
7367
9782
7107
4101
1809
6260
2644
1085
8102
5859
5042
6468
2373
3192
1437
7710
8241
7761
6190
6051
4748
5478
1611
5554
3585
3930
5383
1909
9118
6896
3156
5440
2652
2474
9814
1187
3005
9260
4197
9759
465
1535
2750
8197
6165
2882
3671
3242
3417
7227
941
5831
8267
3259
8444
9612
421
6384
2458
2004
8720
6084
8800
3252
4692
7810
1094
2478
957
6392
5386
1570
1371
2488
7469
1107
5830
7929
7466
5623
7596
2587
1364
5385
8137
9096
9466
5961
1042
6645
9770
9170
7390
7336
1456
780
209
3587
3688
5400
3830
8942
4152
2537
1544
6819
4371
5778
2653
9939
3915
4298
5344
2038
7702
1820
2905
4864
4492
4827
8891
4174
2666
6579
1946
9312
3462
9707
4743
1521
4720
3606
4810
8241
97
3912
3515
8324
9027
9702
6333
3315
3037
3782
3831
2256
8937
2006
9167
3926
211
7320
7909
4639
4720
9339
6170
2656
5961
6181
3148
831
3571
6988
6879
5749
1708
3604
7145
1757
5667
1906
6905
7836
4628
3199
8677
459
4928
6073
2352
9632
3397
8355
9396
6859
5375
3981
4737
5948
2474
8638
5346
1666
1107
5885
536
2589
2938
8640
9573
7045
8790
9931
679
7092
3749
9610
560
7486
9198
7914
1502
529
9797
2353
3147
5271
922
3102
5603
5720
9935
3035
2829
3149
7764
2383
89
5087
625
9680
9540
7214
9839
6645
9179
8237
9971
2490
2522
7083
2168
4493
1519
4253
5704
5669
9535
5958
4151
626
2788
6008
1548
3791
5955
4916
9340
2276
3846
574
6677
6696
8842
4332
5348
8596
5623
2205
5731
3763
8183
4326
3267
7685
8581
840
2385
851
4916
6317
6376
1404
313
6433
9796
1198
3862
5981
9742
2113
979
5550
2025
1981
3691
7412
5543
427
9136
5239
5736
9113
2412
9444
9713
6695
4918
245
7909
4927
7037
991
35
2386
4644
6293
4939
3724
2362
858
6990
5273
4181
5187
8065
9858
378
1962
7261
7312
6363
2639
6423
2017
1005
9817
3367
6647
7445
106
2647
6814
4719
9681
9066
7990
8427
8953
6358
2190
804
8303
639
7586
8990
2225
802
5611
9084
7729
9082
1557
811
5721
5523
2702
5662
7384
4249
8697
1414
9594
283
3218
238
9462
7970
2589
1649
353
328
3303
2440
5553
5287
3742
7972
8284
5183
4637
228
3758
9826
1823
1492
1928
1680
2660
9730
3286
7531
5377
3342
5273
3574
3794
6925
3315
2431
2731
4218
8882
6053
9788
7418
9763
5368
7026
1562
920
1196
1754
8839
5156
2105
8273
8346
9794
5123
2071
6542
1558
5440
1106
3407
3995
75
4655
5825
1532
9429
4451
9626
2894
6370
1503
5501
6714
8871
2418
8356
7561
5694
8984
7001
4343
6403
4929
609
2714
7439
1148
8518
2892
9806
6994
5375
8740
9791
2095
5678
2980
8919
2346
5301
5947
2115
582
7894
5897
1400
434
182
6131
7736
5243
670
4269
1156
2545
6430
2036
6056
6150
4269
6382
4232
9987
577
5016
8453
6549
1143
1823
539
3604
7008
5211
8458
4725
7033
1797
5503
4213
1205
3498
6015
853
7273
1383
4304
1270
147
4372
6883
8378
2952
509
3137
777
3881
1275
5297
5813
1649
6930
2692
7445
2510
3011
4909
5454
6169
8034
7648
992
6403
1554
5334
8572
5918
2348
2602
8548
6102
3758
7188
1482
9194
9424
3135
5114
75
2466
120
6628
7407
7681
309
9649
2930
600
9040
2775
3531
5939
4927
4247
6662
47
5042
8484
3795
8861
648
9374
7402
6150
9341
8108
3512
5624
8692
344
2363
5839
7661
7397
775
8687
3236
6827
8914
589
1302
1955
9794
3981
7776
4558
7009
4469
6646
3999
586
3393
3068
1929
9587
7008
7380
4035
7078
4412
6357
4425
4798
8135
7493
5628
5595
7392
2339
505
1649
2437
5203
4950
4595
3635
6759
1272
1464
6104
7846
9843
1911
9386
6427
25
6293
2976
1037
8820
1720
9214
4214
3678
9526
3134
9475
6509
6479
5177
8951
9053
7876
6726
4108
309
8370
6921
8199
1947
8207
7133
6695
9379
2544
6012
9834
4578
4404
5834
3403
7586
1697
4210
9083
6798
809
584
7547
9853
5128
6622
276
5787
8813
1410
8932
5955
9459
6740
3878
9881
6890
8838
1228
2979
8647
8348
1483
136
2277
7714
2290
6609
2598
1357
584
3948
202
1850
9778
879
2938
5106
6238
5865
8482
3343
8688
7620
185
9816
2278
4839
8974
5688
7465
5736
9793
7501
6739
7598
6378
8589
6295
4645
938
242
4961
2923
5677
3414
8763
1127
2537
7514
9593
8393
6885
9072
1107
4748
5497
2440
2140
9160
3854
759
5587
1749
3649
4404
2150
1178
57
5149
7261
6162
5474
9638
5642
5952
3798
9681
3691
1578
3720
4329
3017
1936
828
6184
1521
9344
1526
6121
3789
5298
4365
1624
2590
7630
4092
8021
2759
3310
2741
5479
3801
9373
2050
6349
855
8959
9482
4576
1685
7530
4668
4244
6626
642
4058
9597
4527
2291
7525
8606
2891
4967
4433
5693
2300
3527
3749
1811
2652
5694
3842
5119
6622
7241
7326
7642
2571
6059
6107
6213
8366
2989
4040
1454
5176
115
5988
6498
1328
8025
4202
1420
1995
7148
9742
3324
1876
2549
5506
6499
2440
2752
9797
1754
1264
4923
6041
2738
4268
9226
4975
7413
6617
3287
4577
6652
5822
6742
5148
3403
553
7623
9896
1703
9905
2165
7846
6727
7415
8523
4789
24
926
5798
3232
3866
6420
5718
4455
6120
1900
8590
3225
4949
6330
8026
9467
3282
7322
2992
408
8348
2173
6592
8564
3266
7889
4613
4958
7588
8763
5805
7042
7574
7236
5045
6905
3556
3181
1694
1918
2608
3568
7100
413
855
8837
3212
3865
322
1550
4405
2330
1545
7600
8376
322
3025
4670
2370
2043
3189
9907
8368
5295
562
7244
4209
7186
8861
5280
3639
1312
6016
765
1223
2479
7073
8672
865
945
339
3760
1737
4056
1173
4647
5267
3669
4633
7438
9982
8656
3008
324
2695
2782
5680
5883
6590
7729
2807
384
9333
1154
9689
7237
5061
2483
1334
8124
9835
7684
7575
7986
6432
1509
2102
4197
1382
2035
7613
4212
1662
1504
1239
5441
5494
7427
7491
9157
7279
7145
6568
1441
5741
3991
4162
1325
7800
1694
4361
4671
336
8841
2386
2009
5021
3941
7983
8911
6692
9421
994
4115
5957
4274
8720
1007
625
9747
5568
1215
1434
639
8530
3544
2226
9156
1276
9561
5525
2722
9392
9308
9667
7010
6537
8281
2261
7580
2756
4712
1361
2138
7724
3600
5561
4183
9965
8209
2605
4242
7050
5594
1505
9173
987
5432
1337
877
5422
5501
3664
3013
8413
5992
9896
5331
7536
7366
4140
8543
8921
8644
8306
444
9246
7744
4204
3332
5956
9996
3101
9748
2806
7885
1353
4481
2741
2054
6021
5205
297
8060
2717
8618
3430
7398
2148
66
314
8980
5030
1681
2642
4232
7002
3703
5325
2085
3155
4894
7448
5570
7525
7868
9960
9035
1077
7957
9462
8933
5354
3377
9268
8732
6639
6565
5390
8139
4730
6625
524
134
1062
7749
3860
1319
4701
3569
4844
5076
4930
8807
3213
5834
8266
8479
6131
4536
9802
807
7120
3946
8588
9397
2881
6415
8971
6443
9897
778
7742
6421
7065
5474
5890
6513
3105
6118
1471
5132
1983
945
9308
2197
5030
6309
6255
8720
1931
2375
813
6314
2233
3735
2991
276
7396
8427
3381
7054
9770
4583
1653
2577
9062
6475
9020
2760
6974
3976
5477
7180
6076
1408
6439
235
1385
3721
5528
2837
5173
638
5712
5122
4372
9299
1080
2515
5890
8306
1137
9587
2503
855
1409
8346
2758
3780
1945
4479
3135
5058
8434
4886
9540
8741
613
9021
617
8042
4233
2671
7796
8335
6343
5476
1828
5263
698
4758
9423
7786
2051
4783
4563
45
2632
740
3933
1106
7788
9608
1160
855
6714
9710
1262
1219
1003
672
9002
7499
519
901
989
4128
1960
2690
4959
9281
5306
3984
2670
1221
5998
9573
5186
2621
8878
1330
1185
6874
8747
7529
7486
6443
3570
7272
4523
992
6717
5958
5712
4464
1221
8441
3844
5443
7109
6418
1736
5117
7242
7878
435
8648
8727
297
4184
3740
981
5097
2708
4574
7048
5476
2547
7219
9708
4327
8498
5135
1646
917
9999
5118
839
4720
7500
3725
3699
2551
4755
4086
2016
4379
8755
5767
258
799
1257
590
2883
908
7722
8291
7352
9823
5692
7602
6878
8992
7941
899
3507
3712
4187
1880
6146
4829
3770
5618
4726
2916
7620
2768
6511
7413
3106
9030
1907
8172
4601
8134
8587
1937
4232
9533
9838
9453
4973
700
620
2903
6440
4273
6320
1002
5368
6914
7305
3061
8305
3798
418
1504
1838
9200
5516
2501
3091
4008
8733
1490
6428
4824
3026
6762
3873
9344
6752
1298
8363
8998
3320
4863
4224
7198
9913
3626
2906
161
7456
8044
5541
4685
506
1052
9575
6281
8522
9506
6123
9683
2501
9015
4390
9416
283
5819
6058
6192
9504
7971
4440
595
4680
8061
464
5388
978
3537
53
4792
2459
4134
3596
2155
2563
9949
1378
4352
5661
654
5565
7898
7103
1214
5195
2347
8426
5018
7319
5488
4643
7554
1674
7288
6944
4436
5549
8464
206
1956
5965
7324
1679
5350
2823
6371
5649
5848
7059
5831
8633
6638
830
6032
4751
2251
5887
1733
3715
4568
5355
1366
9565
6437
3
9144
370
2490
9739
2446
8274
6072
7238
1376
7295
6512
6093
379
9896
4048
606
2421
643
8006
1809
1195
9097
6354
4742
7705
8458
4172
170
1716
4386
7007
9129
3752
6052
9537
6253
1034
738
4111
4436
2441
2767
9626
16
9109
6939
9896
7431
7196
4030
5561
7019
8445
1696
9943
8884
5835
8372
6120
5321
7504
3429
148
46
891
9097
7405
4391
1831
4354
3567
6251
7370
4291
5574
1540
5207
2640
8790
2818
208
1630
2284
7151
7019
8361
9455
5981
6191
9940
2865
7196
2508
5707
8136
6936
7413
9157
819
2622
1483
2310
619
5135
3799
8832
4841
8206
2803
6057
6414
3651
8853
6519
1682
5858
9641
8728
5996
7254
1482
9039
6283
2518
5453
2312
5039
409
7547
1197
3687
6166
7513
9249
1640
6789
2533
5017
8006
4705
8926
6251
7522
6878
112
2910
1312
9591
2539
9361
164
9153
6240
3336
3977
7660
3640
2672
3869
295
704
8324
8076
4546
5428
7784
5080
1247
8103
2498
7026
274
7452
2505
504
9240
4597
4486
7066
2915
5845
2775
4506
8115
5220
290
112
5105
3423
3255
4887
8837
121
142
7576
2823
770
9263
848
8642
8513
3232
2769
3460
1633
6153
1298
3043
5430
2003
5588
4634
107
1887
4514
1280
4474
9060
5987
7258
3959
7024
9712
5190
4409
4239
2268
5368
8181
5338
1957
3858
584
1222
6038
5836
5393
2045
4982
7668
1514
4810
9217
5743
2369
4030
3488
2989
7
7183
4199
1050
4275
1568
8476
2224
7364
364
8223
6154
9074
12
9066
1396
8000
2424
5670
3902
6160
8922
7527
7935
210
6094
6229
7382
6475
2021
3225
7244
8974
8217
7136
9894
1721
6219
8191
5558
5151
440
355
6176
6317
6138
9059
4410
6843
4875
5653
2765
3506
6852
7113
4681
1716
2051
6438
4132
6588
5067
7759
5138
2115
5221
818
8193
9148
8789
9565
7484
5261
2343
5213
9967
5754
3336
2996
2330
7488
1681
6614
8958
9450
1550
1152
7604
3668
317
1142
5549
3994
2930
8216
8116
6155
2488
4960
1440
7248
4001
4218
6901
1219
3854
4560
2074
9213
8474
6209
9814
4784
2480
4446
8548
926
4014
6257
8565
4852
5841
5738
7636
2647
9935
5431
9844
6233
4756
3791
5222
6440
7892
6699
487
8116
6848
8753
2630
7994
4051
2367
7940
3793
7756
6944
8979
5664
9862
526
7969
9979
1554
2085
9726
712
2246
5440
4056
3154
4927
386
5224
5673
258
7714
1637
3764
2609
7268
5591
2437
6313
496
4022
2871
4327
9474
7153
3078
219
6893
7946
5306
5540
4476
9534
5314
6859
6263
3570
9593
6300
8110
5321
4552
4015
8645
643
808
8197
4556
5120
1969
3150
4218
6370
2292
9111
9462
1231
8434
4192
5953
3349
5463
300
9011
4569
2455
5634
9568
4472
6531
4384
8279
1134
6839
4367
8087
7237
2563
3937
8462
6533
4756
6199
3120
2266
9295
6879
864
4099
8505
6539
9982
7527
6534
2157
4685
2530
2860
6446
4448
4173
7955
1342
5872
8971
939
2309
7916
1663
1706
2088
4910
7147
3488
967
1622
8052
1481
4404
8405
3249
4031
8686
8200
1442
1145
6283
1663
7246
5685
9508
537
2740
1885
8122
7822
7523
7160
4982
1385
1637
1744
2862
559
3574
8763
6692
5520
6210
1112
4008
841
1501
3784
478
516
4876
8199
234
2893
2656
9093
1624
9729
2835
7094
8536
7589
4011
4786
5078
8848
667
5801
5272
8086
9737
4135
8560
1555
9018
9520
1873
8592
6857
3560
9743
8868
3671
6225
1215
3034
1389
4114
1965
4523
4541
7089
765
8536
6726
7693
9801
2007
1317
8314
2745
5911
3224
3353
736
6289
959
6179
2787
2973
7660
8531
2581
3406
8121
7869
781
8027
2328
2655
7673
251
3397
9666
4588
2780
2024
5181
2402
241
3479
3094
1557
5829
5065
6437
1752
6384
6068
9672
2480
8165
8760
4301
5251
6261
1989
3407
3528
9140
6422
3391
30
8661
3457
9262
8745
6133
2310
3237
8935
4513
1237
3362
2272
2517
4189
7119
4220
6291
8383
1408
9246
1132
6641
2137
8414
3805
2670
1738
3093
4952
7834
6280
2225
8078
8820
7577
7672
4871
6580
1019
1914
2558
2852
7201
1423
2699
2618
7243
7039
4510
3795
4081
3824
5909
8268
5613
8506
4746
3754
3250
3895
7004
6041
5884
1462
5736
5730
4293
1070
3061
1957
465
4735
7977
278
7815
6885
4298
5332
4413
982
9285
5012
8287
3291
6917
4284
603
3355
2928
2492
1788
7618
548
6919
4272
8880
3993
4094
3368
9198
9955
6030
2893
4892
1447
8288
8265
2678
2679
7214
4713
6645
9084
3334
9277
9569
3935
1479
7512
1156
6100
4007
5915
8954
6259
9367
841
4773
1540
382
2934
1948
9830
9234
7905
2403
8669
8406
9115
5703
6742
93
562
5088
2520
829
9311
872
5976
8654
1449
9226
1144
7841
8339
3380
2590
6334
3593
4439
6605
9125
6306
9997
4466
5334
9282
6106
5821
9740
2447
10
346
629
4462
714
5883
6621
826
3427
5060
823
2864
6114
8930
4877
41
7843
8953
9487
2757
1915
3272
4855
2144
3380
9147
61
4948
1635
1773
2055
5147
9365
6296
9928
703
7656
3643
2633
6273
599
3478
3286
2370
781
5621
3775
4448
7131
5079
9358
3153
9876
1674
7112
997
6613
1172
684
3915
4434
1440
1961
4899
9228
9300
7789
7435
2303
8443
6151
6072
407
6372
8366
1555
9618
9957
9675
4429
9504
6621
7248
1600
120
6837
6956
1124
2309
1890
1847
8251
9053
4955
8648
9098
8785
1489
1366
8580
2720
415
1018
4868
9623
7791
1348
1623
5107
1591
8757
1219
8007
6110
9769
376
4809
7631
1015
7058
262
8665
5041
2024
8054
3520
6374
2836
5114
564
231
4223
8818
1403
9175
7912
1675
8430
6235
5329
3270
6205
1424
4279
3747
3680
8924
2060
60
4363
4205
4610
5982
6588
9886
5269
4386
8244
152
8854
219
3200
453
4496
5879
4036
7312
217
5720
4131
9768
263
4525
877
5938
7676
3097
5028
6590
1375
2997
7549
7410
8744
5761
6480
4451
344
4309
3900
8195
339
4662
1083
7764
4763
6005
6524
1978
4890
1281
4307
798
5548
620
6217
7838
3750
8619
4561
9122
5591
4919
617
1130
6953
3633
4521
4676
1540
5667
7547
7545
32
433
8550
4343
9588
221
5145
7913
1536
410
65
626
8947
8633
5927
2648
9658
3919
6713
9885
9334
9576
5667
5722
4552
548
5466
948
6140
4831
7365
8240
6895
7695
2056
2802
8127
7558
3262
6849
5726
8248
6018
455
7265
3734
5962
4372
5787
7752
689
2034
1489
1322
464
7732
1834
5421
1960
8375
9685
8990
9182
3482
3559
9012
4755
2026
7359
7619
6271
4822
3944
9213
9098
1698
7403
9976
6518
4439
1518
2875
2316
8278
6508
3794
242
8365
8674
6385
7430
3395
1732
5348
2394
6461
1322
1925
6556
2915
394
8231
8496
4540
419
7007
3628
9750
1395
8899
928
1971
8390
1451
3088
1709
8875
3875
1695
1433
5460
530
5209
5705
5819
2837
4270
9532
524
8997
2134
5984
4371
4711
6949
4504
9554
1186
6237
6024
350
5211
7370
4509
8727
8844
9022
4682
1730
1715
10
6396
6069
3718
6517
3967
9935
8165
5660
1930
6593
808
4278
8870
1677
7975
4339
6700
2953
3080
4321
5340
1552
4067
2906
1001
2614
1266
2125
8641
6069
8740
7015
2651
3513
5233
206
8585
9428
6951
5914
3373
638
7362
3440
8392
5357
2379
3405
4829
4749
2759
3403
3333
9741
1648
8563
7819
4918
865
2607
231
8696
779
7098
8776
9394
3445
3255
3658
2174
144
9195
3608
183
2312
7208
4411
4055
1462
6038
8272
3282
8034
8864
2871
8985
7334
2153
823
5131
8318
6409
3760
5215
1884
5048
4105
2518
7272
197
6151
7952
9300
8243
2319
798
7485
449
2
336
5309
9140
1175
7562
9102
4932
5079
8727
5657
4032
7746
4554
2861
1726
4543
3533
7035
1667
656
361
397
6939
4099
4800
2423
9414
6741
3418
5765
9024
2482
9482
8516
2554
6344
5500
5230
7914
3833
301
1613
7756
2846
3591
8880
8947
5896
6184
8123
497
5506
9566
3992
4462
3923
2145
5964
3528
5168
6188
7797
9704
7230
1546
5183
6445
2485
8665
726
3047
4048
5854
6565
9218
8368
9093
2781
9596
4176
4914
2465
6645
9060
6729
5038
4210
5835
4566
6568
1518
1811
938
4336
9886
6827
4947
2754
8047
4371
4359
8362
2063
4256
6925
1286
4324
3677
2760
2631
4220
3947
2208
4721
627
2808
4559
3954
5115
9294
1525
1679
3995
2962
1608
2426
3638
8397
3195
6528
7862
4599
9626
2079
4245
4863
6255
8644
9624
4839
2292
7266
105
5660
1558
5807
3247
6644
2787
2424
2316
2912
2176
709
338
7217
7289
6407
243
6391
453
7486
7925
8260
9860
2679
6446
3390
1945
4243
2417
8244
5358
5475
8868
760
9129
6030
4541
5658
1753
6885
9401
2518
9804
606
9817
7124
8049
8972
842
4397
5764
2672
6815
2733
8428
3625
237
8116
3085
9542
5699
4662
6442
4508
2132
7538
2411
5348
3890
1904
5334
315
4104
7443
4989
2925
8452
2879
900
8940
7567
9684
5998
8890
9450
9704
6403
8054
7080
578
7744
6578
6114
9234
27
2451
587
1583
4737
2435
2304
7529
189
769
219
5789
2983
1527
8165
8518
1255
2731
6309
6768
277
4367
4554
5687
6847
4964
5216
6351
5126
8683
3219
4477
2197
3436
317
6162
8670
2511
6829
6520
7875
1720
4871
613
638
9200
6961
6509
5342
5262
7393
6420
5838
7380
2321
6800
1092
2966
2700
5756
83
8341
1624
9338
6685
3194
7936
8016
8904
4110
4284
8643
7051
3622
4703
6993
2134
316
3149
6472
3772
888
2583
9236
7134
4733
4357
2854
500
6032
4974
9072
9098
9284
3639
2220
6630
2865
6614
2268
8498
4594
897
2925
2074
3885
6472
5413
4259
5934
844
795
4997
8365
7290
2757
1895
5310
152
3804
7414
8455
8459
861
6737
1003
9379
4393
9972
3957
2819
6395
3807
33
9392
5225
7219
5108
214
4260
1432
4251
2914
474
2622
4913
5471
2203
2206
5243
7600
3896
747
7453
4231
551
2747
2223
6304
3027
8540
1690
5581
2241
7221
7469
4670
6173
938
4556
5052
2179
9339
5128
7091
7033
9082
2409
7962
6649
6183
9223
2880
4381
777
3928
4997
9443
3275
2196
5410
7328
5489
8549
5766
1809
4118
9786
9773
8716
2916
9195
2047
3301
6414
902
8707
2908
4941
8344
7022
2468
6549
4247
6140
1231
8452
1804
2986
3957
1671
8126
2381
4163
2792
5273
1410
2863
2103
142
9379
4154
3988
5492
4275
6799
4071
1420
1878
4136
2796
9602
800
319
9694
1263
5609
1426
8607
1996
6665
8960
1761
6897
1622
5024
3300
299
8470
7360
1757
875
3699
1435
623
2187
3947
8372
7480
6972
8385
6223
8426
5596
5764
3999
9861
8435
1145
5178
2174
3900
1079
3688
5182
6576
9839
8970
2986
3805
4102
2520
1546
9286
3553
467
3207
2309
8524
3481
4966
8284
407
4902
5868
5288
5405
6487
5709
2310
2706
2138
406
7040
3368
3154
2946
6688
7102
423
4108
6693
4422
6362
6019
5059
4785
4918
7955
7205
3994
4145
5381
4413
9068
1954
1493
1564
5152
5964
2828
7774
8118
5432
2810
3884
4608
1330
2129
4613
9206
3754
3969
6870
6553
603
3563
4678
3160
5512
9909
767
7016
6673
3145
7702
8724
501
2826
428
8017
4562
9556
9677
9419
487
2382
9173
6018
1579
6671
4530
5755
9335
4586
8581
5156
7070
5688
1954
4824
1869
4161
8503
4235
1196
2086
8394
3411
1604
8254
4026
8339
9787
2410
5015
5797
3579
87
1230
5010
5218
8704
8717
6721
8962
3502
933
667
8647
6813
2845
9959
1193
1691
2082
4231
1063
3424
892
9037
452
5125
5676
2619
6798
6579
1250
6038
4232
6632
1804
1142
2858
7768
5032
1197
847
6318
7578
2705
8460
6398
9081
2120
4560
1656
3315
6511
6054
1611
7937
3143
6551
8740
6006
4796
4413
7905
2592
291
35
9846
6817
3664
104
3259
9592
4625
2354
3072
2072
9915
1566
4414
682
1583
9238
188
2798
4088
732
9722
2637
3235
7987
7838
4746
379
9964
3593
5015
5793
2734
6644
9299
7221
5215
1932
5505
7155
9471
4711
1556
5788
5972
3618
6342
736
4015
106
3400
5797
5805
3651
308
3511
9802
6519
9998
7852
720
8862
9353
5682
6494
8711
2405
5496
3012
3233
3270
6134
5786
440
7057
8218
4255
7871
9983
1711
8671
6198
2868
5851
5566
7736
3705
2854
3618
9012
9493
7987
9677
3270
8538
844
3095
8306
2732
7470
9674
5212
1708
9598
4679
4358
8467
2326
3574
3735
4250
8769
234
7893
4118
3262
7267
4479
5233
8644
8669
2633
7571
5843
8614
3924
1040
7410
4701
489
75
1755
9318
2738
2312
4847
74
3094
3438
8791
2763
2591
3819
9272
9604
1962
3698
8242
8591
6762
1600
7125
9617
8184
9565
7969
7536
1067
2205
5657
8036
4529
2070
5298
8763
8999
7083
1661
2167
2475
7303
9215
7682
9675
3878
6714
498
3561
637
490
4231
6862
170
5118
4704
3144
6
3232
6782
6913
4390
4563
1665
9021
4337
984
430
8480
6844
3309
898
8153
6913
6739
5552
9983
9246
442
3350
2711
4410
811
4206
4191
5746
2881
5408
8506
9314
2501
7285
488
1471
3045
1030
7137
6449
4321
1539
7695
7614
9490
1567
5141
5504
1254
9288
2047
3257
3916
4117
2759
2349
7192
3049
1841
5534
1844
900
9492
5125
1828
4440
4790
7548
9684
2952
50
9752
784
8861
8345
6644
8831
3730
1298
4185
8781
959
1279
4569
7780
868
6174
8059
6231
5451
9976
4528
2666
4815
6137
3860
5553
6476
1837
6384
1955
4236
3316
9133
7530
1408
1873
5587
7098
8592
6213
2687
5452
7817
6594
5507
7815
8917
5023
5495
6185
5353
600
9901
4519
9799
574
9762
3727
4676
3682
5984
2886
6084
4953
3105
6963
7857
1853
479
6583
8731
2961
8502
5783
2985
4030
3866
8647
6461
2302
2421
8085
3254
4836
9592
6463
1391
6902
3235
9458
3509
2953
2960
8161
869
9320
5962
9950
8388
5072
5339
7688
920
5386
2578
833
8724
5270
7060
4106
4161
4432
5753
9405
3575
4290
9767
1927
9819
1270
5708
2464
8018
5958
2036
8888
8356
4434
8251
9952
3708
8685
9884
8994
5740
21
7048
782
6109
5997
675
9811
9811
5544
9928
390
927
3844
8364
7041
7487
3857
5680
3355
5712
6141
7232
3872
9555
5101
3896
6925
2397
538
7079
3978
6761
6229
8571
5508
6472
2808
3964
9574
5209
9163
2693
7411
1027
5968
7516
3971
5183
6348
5763
2376
1250
6322
8999
1195
9352
429
118
2952
5309
5545
4925
9859
996
175
1951
7813
3723
8059
8802
3095
4325
4508
4740
9913
3351
4568
3819
9856
8703
7657
5497
8874
8205
8840
9390
8367
7573
6196
3176
2246
4637
783
2565
4049
1618
7830
7481
70
9367
4219
8283
5834
2861
3840
9593
1692
1006
8593
5709
7100
5826
6223
9751
4278
1861
4229
7897
9071
4240
8921
5026
6522
2884
7456
3442
3672
8421
5454
5852
4458
2067
3450
8777
5460
9107
1594
4505
4815
8828
1535
3285
1163
7486
4063
8176
400
8269
1563
2364
9423
6092
3821
9448
8266
1763
6160
1703
9852
1379
4652
2332
4726
1648
3996
3521
471
8893
3742
7959
1528
1398
4198
520
7809
3750
1871
4152
299
3273
48
7994
7187
3516
6374
8271
440
5729
6323
393
609
990
8419
8381
734
485
8023
4135
5529
1838
8945
2904
5144
6448
8090
4634
2451
350
5187
8180
3532
7918
6742
3192
4016
9830
8584
5050
2200
4496
4349
6396
8524
4556
952
9828
3573
2851
3678
1903
3421
1689
4390
8222
3526
9261
2895
3263
1651
3803
3230
3591
6791
5584
9298
8090
1720
4477
725
861
5519
6404
3234
3523
527
8303
206
5316
8880
7185
4021
1452
6439
6212
9905
6879
9652
4225
9977
4202
375
1407
708
2245
4335
9154
5656
1668
6977
9524
516
2013
2529
1858
3590
724
1776
845
1513
3073
2611
9025
9231
4323
6283
3730
279
1486
6662
8194
92
6592
6802
8207
5929
9586
8281
857
6044
1562
1822
81
2342
8925
2706
3005
6140
7233
3282
6137
1246
5120
417
4967
3922
9400
7838
3943
1388
1008
8114
177
8891
9269
2072
5055
3
3587
5161
5656
994
1647
2579
711
3793
5169
3605
5258
1162
2159
9977
6950
593
7220
431
5672
5840
1343
6066
3510
7234
7592
938
6500
156
4205
3005
6467
2467
5627
3154
1092
9902
3128
8356
8602
5081
4029
2255
4237
210
2769
8202
7722
5732
8977
1409
568
4270
6956
5021
373
9856
7370
6322
4991
2481
9692
4214
2287
4239
4318
8425
4320
5604
3401
3253
4366
6705
1574
9283
9017
8442
8973
3367
5208
9069
3195
3466
8090
768
3074
3490
3911
8375
9498
3296
37
863
4277
4261
5368
6170
5041
6594
6289
3959
5718
6379
663
7181
9007
2758
8098
6516
277
822
8643
512
1863
4991
2210
410
6982
3701
3712
7277
4573
230
7627
5258
317
7440
3312
7625
5942
9664
3370
2285
8514
1112
3864
898
6252
7468
9917
6741
9630
5130
289
4272
1400
9443
7077
3616
1052
5850
1476
5589
7765
5400
5845
646
5576
538
1516
2431
4243
9976
3296
3608
5411
2050
8007
7795
2802
4857
4190
1505
1756
535
2773
2193
5346
220
5367
5782
3560
5558
2471
3524
4857
6412
3462
6647
1738
4407
3921
1328
6300
1373
310
5310
6763
3084
2855
5060
8035
3808
4152
5004
4723
4561
8707
712
5497
6220
9211
1952
2781
1739
7421
29
9466
436
4930
7697
9079
6747
8705
8961
2435
8341
4753
2641
1887
458
476
7002
9877
3973
1520
1034
1286
908
7103
696
2242
71
1190
4834
6448
5647
1114
6853
3998
2500
7118
5608
8178
5226
2641
5606
1070
8705
9029
1094
3778
6016
9578
7752
8076
8062
7753
8415
1834
6428
1933
4565
1584
706
4379
6911
2597
3845
3330
1759
4488
9057
6909
7152
4960
873
7686
6145
321
4312
5301
2961
8026
4483
7542
2275
2426
7613
8984
3550
5219
6454
8561
3588
9480
353
447
9549
3888
3425
1081
5423
236
2303
676
3212
2773
6394
690
6489
4302
4316
517
8838
9753
5525
4674
1966
4677
1383
8064
6973
7541
5965
3135
7049
156
4120
5173
8894
8037
9143
3987
3018
6271
8962
2727
1074
2388
7475
5355
9119
6091
1986
6810
7097
2996
9852
7107
8558
7953
3567
406
9598
1524
1125
9851
4166
9986
3994
130
5128
1591
2923
5556
1363
4244
6173
7385
2740
9987
7111
2835
5145
795
1294
9096
7486
1630
3739
973
1670
8224
2746
5997
5927
6675
3698
9417
8018
6157
844
9897
4989
763
9874
305
5103
8991
9013
175
8408
6580
6698
3648
9946
8802
3491
2770
3384
7325
294
8868
9258
472
8092
8730
8586
8151
6904
6205
1262
6434
1777
2863
9282
1013
5598
5020
4113
7988
653
4396
3136
12
977
932
6391
5749
7942
3069
1021
2691
8209
9484
9951
1484
9816
9328
4412
3572
4971
3083
7520
5476
5502
9191
139
169
6501
7626
3454
3768
8747
1268
6785
1231
5134
5013
1523
7943
2938
7228
3823
1461
4544
3994
4504
5456
3235
4644
3761
557
1424
5751
8203
3191
9399
8038
556
7466
442
3839
1848
9230
5265
1949
3631
5712
5895
262
819
9916
5364
4659
2660
3863
4184
4656
1033
5417
3553
7722
8525
6680
249
5701
4868
8703
944
7216
8153
6125
5921
4128
6
8618
2563
3112
654
1989
3822
2314
6042
3096
2104
9112
3918
1725
3196
6659
6663
9210
485
1653
3508
5543
7436
5386
5390
4592
9084
6696
3094
7382
6894
3999
6521
1393
5734
7931
1858
2496
3129
4887
6892
1888
2185
4252
9138
2426
7103
1240
6598
4951
9140
2313
2730
2575
9164
3896
4718
4863
7136
3746
1990
3465
6246
3649
5511
949
8350
746
1263
4358
5531
6944
846
1815
9725
2998
7764
8932
5767
145
4073
8340
1682
5707
6387
596
4013
2964
4727
1424
8463
8131
2319
1082
2187
811
8996
3404
4494
1593
2872
6138
9849
2169
5843
9665
309
8504
7800
6909
3175
8675
2324
6614
1474
9855
7458
9689
6292
6178
669
9701
6382
4479
2947
7500
483
8623
5603
3930
7020
5370
5667
754
8229
2438
2240
3811
8184
2550
2418
6985
9380
5603
2027
16
1785
6568
6013
1316
3379
7703
2133
3716
4017
4713
5048
9972
8785
7523
8616
5986
6553
7220
7330
4480
3652
9946
8296
8416
2408
4645
3526
4910
3568
6131
7923
1542
9675
5067
2342
4967
9728
9621
5058
7584
395
358
5472
326
4905
6617
9400
7159
2140
2537
5835
1177
8651
8875
4111
1468
7338
2168
9400
7918
5761
2681
3744
7853
8907
8315
3331
823
6637
1489
3801
3645
1777
1257
4288
4790
9087
1911
9222
3312
5463
7789
3280
5313
5181
5580
3690
2923
1265
1236
5756
9822
1401
7767
5380
2232
2638
8364
3878
5896
2336
4864
4253
6208
2871
6055
3708
9928
7383
8607
4694
6622
3055
3141
6774
1147
5838
6561
3564
450
8434
2253
5349
8658
7278
2003
470
3995
3368
1716
9796
4413
4188
2868
8770
1915
4352
8963
6712
1919
9158
1895
2429
183
9255
2357
7922
7069
1634
2254
8730
9876
7329
2534
7369
8590
467
7840
6343
7370
8076
3684
353
2507
8502
8259
3101
5732
2849
2066
4360
2896
3806
5586
2030
3662
9988
1680
6518
1497
2877
1303
4071
277
7057
6323
7242
7893
7533
4785
7917
1290
5087
1027
4993
790
5168
7471
8770
7071
8990
8375
9152
7919
1605
3827
3582
103
9994
4234
3926
9476
3092
1600
9575
5786
5287
3769
4349
3085
4990
1308
2188
4062
6244
1683
6872
5826
3551
7758
7459
5311
4522
7719
596
4415
3774
9600
768
9335
3580
8936
5128
7186
2265
2621
6575
2982
8871
8108
2982
3720
5564
5380
9959
9082
6224
5480
5290
9491
504
4771
6262
9112
8186
2437
5192
9558
9373
5468
2265
2385
1535
9262
4911
7014
562
66
8467
9341
8852
3695
138
4154
2873
892
8642
6243
7159
8439
8458
5340
1390
5121
9519
7694
5250
4150
3087
6454
5190
5706
8636
7097
8039
3951
3807
8917
8530
5443
3525
4691
739
8599
3035
9625
1915
2714
4177
8972
9453
7907
1518
4754
8773
8446
8817
3333
8629
3981
2671
9220
5854
8800
6557
5700
7255
5808
1691
6803
477
6069
8555
1021
4696
4391
765
4823
1749
321
4025
8729
2501
4129
5017
3737
1281
8092
400
6642
2600
3727
7498
2276
6247
4017
2321
2628
2628
3124
5721
8372
8119
8250
2745
6110
998
6852
9190
3961
1963
6421
1038
7022
1604
3461
7566
309
5671
4961
6273
7656
5519
4256
4677
9465
2263
241
3483
7951
9634
1216
9579
9292
3621
9943
1538
2810
8114
